9781449367619
401811626500
9781449367619
9781449367619
9781449367619
9781449367619
9781449367619
072036330840
072036330840
086631005850
722252161093
051000192769
023896291826
187132005919
Z0NZ002D8
1PZ0NZ002D8
023896291826
028400048026
028400048026
028400048026
028400048026
023896291826
086631005850
023896291826
023896291826
073852009392
9781934356920
9781934356920
9781934356920
12354
p
9871263876123
9781934356920
9780984782802
073852096507
036800118461
036800118461
036800118461
036800118461
029000072107
029000072107
072036330840
072036330840
072036330840
072036330840
072036330840
079400013422
072036704580
072036704580
072036704580
072036704580
072036704580
036800118461
036800118461
325000029067
325000029067
029000072107
029000072107
073852096507
079400013422
029000072107
029000072107
325000029067
036800118461
029000072107
036800118461
029000072107
029000072107
029000072107
072036330840
036800118461
036800118461
079400013422
079400013422
079400013422
799366537210006337663065894699
799366537210006337663065894699
799366537210006337663065894699
799366537210006337663065894699
799366537210006337663065894699
799366537210006337663065894699
799366537210006337663065894699
072036330840
029000072107
029000072107
799366537210006337663065894699
799366537210006337663065894699
799366537210006337663065894699
799366537210006337663065894699
526949114
799366537210006337663065894699
799366537210006337663065894699
alert
alert
alert
alert
alert
alert
alert
alert
799366537210006337663065894699
799366537210006337663065894699
898999000787
898999000787
898999000787
898999000787
